ans =

   401     1

ans =

   5000      1

ans =

   401     1

ans =

   5000      1

ans =

   401     1

ans =

   5000      1

ans =

   401     1

ans =

   5000      1

ans =

   401     1

ans =

   5000      1

ans =

   401     1

ans =

   5000      1

ans =

   401     1

ans =

   5000      1

ans =

   401     1

ans =

   5000      1

ans =

   401     1

ans =

   5000      1

ans =

   401     1

ans =

   5000      1

ans =

   401     1

ans =

   5000      1

ans =

   401     1

ans =

   5000      1

ans =

   401     1

ans =

   5000      1

ans =

   401     1

ans =

   5000      1

ans =

   401     1

ans =

   5000      1

ans =

   401     1

ans =

   5000      1

ans =

   401     1

ans =

   5000      1

ans =

   401     1

ans =

   5000      1

ans =

   401     1

ans =

   5000      1

ans =

   401     1

ans =

   5000      1

ans =

   401     1

ans =

   5000      1


ans =

   401     1

ans =

   5000      1

ans =

   401     1

ans =

   5000      1

ans =

   401     1

ans =

   5000      1

ans =

   401     1

ans =

   5000      1

ans =

   401     1

ans =

   5000      1

ans =

   401     1

ans =

   5000      1

ans =

   401     1

ans =

   5000      1

ans =

   401     1

ans =

   5000      1

ans =

   401     1

ans =

   5000      1

ans =

   401     1

ans =

   5000      1

ans =

   401     1

ans =

   5000      1

ans =

   401     1

ans =

   5000      1

ans =

   401     1

ans =

   5000      1

ans =

   401     1

ans =

   5000      1

ans =

   401     1

ans =

   5000      1

ans =

   401     1

ans =

   5000      1

ans =

   401     1

ans =

   5000      1

ans =

   401     1

ans =

   5000      1

ans =

   401     1

ans =

   5000      1

ans =

   401     1

ans =

   5000      1

ans =

   401     1

ans =

   5000      1

ans =

   401     1

ans =

   5000      1

ans =

   401     1

ans =

   401     1

ans =

   401     1

ans =

   401     1

ans =

   401     1

ans =

   401     1

ans =

   401     1

ans =

   401     1

ans =

   401     1

ans =

   401     1

ans =

   401     1

ans =

   401     1

ans =

   401     1

ans =

   401     1

ans =

   401     1

ans =

   401     1

ans =

   401     1

ans =

   401     1

ans =

   401     1

ans =

   401     1

ans =

   401     1

ans =

   401     1

ans =

   401     1

ans =

   401     1

ans =

   401     1

ans =

   401     1

ans =

   401     1

ans =

   401     1

ans =

   401     1

ans =

   401     1

ans =

   401     1

ans =

   401     1

ans =

   401     1

ans =

   401     1

ans =

   401     1

ans =

   401     1

ans =

   401     1

ans =

   401     1

ans =

   401     1

ans =

   401     1

ans =

   401     1

ans =

   401     1


ans =

   401     1

ans =

   401     1

ans =

   401     1

ans =

   401     1

ans =

   401     1

ans =

   401     1

ans =

   401     1

ans =

   401     1

ans =

   401     1

ans =

   401     1

ans =

   401     1

ans =

   401     1

ans =

   401     1

ans =

   401     1

ans =

   401     1

ans =

   401     1

ans =

   401     1

ans =

   401     1

ans =

   401     1

ans =

   401     1

ans =

   401     1

ans =

   401     1

ans =

   401     1

ans =

   401     1

ans =

   401     1

ans =

   401     1

ans =

   401     1

ans =

   401     1

ans =

   401     1

ans =

   401     1

ans =

   401     1

ans =

   401     1

ans =

   401     1

ans =

   401     1

ans =

   401     1

ans =

   401     1

ans =

   401     1

ans =

   401     1

ans =

   401     1

ans =

   401     1

ans =

   401     1

ans =

   401     1

ans =

   401     1

ans =

   401     1

